0 184 0 536926.992186 0 1933836.93195
0 102 315897.6557710001 538780.81048
0 114 313729.81414400006 542993.7602499998
0 135 317541.232708 538979.85659
0 192 315476.03777100006 544118.3792199995
0 211 315562.4131710001 543111.45444
0 263 315638.8123130001 541587.4261199995
0 304 317680.02978700004 539178.2493699994
0 357 314420.46090299997 541640.96533
0 426 311492.13659300003 539480.1100599999
0 484 314747.90847300005 542966.6340399999
0 49 318084.5337840001 543214.0509699993
1 11 314837.6216940001 542552.2165999995
1 424 313957.453474 541600.4439199995
2 196 315003.951125 545005.3146800003
2 307 314183.38294400007 540210.4539199993
2 397 316651.24228100013 541510.56788
2 398 314916.88421000005 538526.2111499999
3 161 311588.6873930001 537847.4461999997
3 182 316706.51480400003 543624.59093
3 230 312735.2683310001 543061.0935
3 255 315890.083938 542953.72273
3 407 312154.42446800007 541790.6233300003
3 419 317956.80697100004 542544.16518
3 519 312985.186034 541146.4048199994
3 82 316900.84287000005 543113.2194699994
4 147 315092.00284 543858.5932
4 167 315410.77898100007 536447.7764999997
4 275 314141.5596050001 540426.5597999999
4 463 313360.07146999997 538677.7056
5 117 310716.41387200006 540510.9010699997
5 157 314206.24153500004 543714.4963799999
5 219 314675.62540400005 536911.4857399999
5 326 315251.3248340001 537726.07693
5 344 317856.64937700005 539112.8201099997
5 407 312154.42446800007 541790.6233300003
5 507 316540.421308 538840.3251399999
6 242 313672.212617 543202.0078099999
6 289 315426.37141600007 538344.0555099999
6 376 314517.326414 540773.8997300002
6 445 315234.82640699996 544398.7094300003
7 110 317737.9709480001 539209.6908899997
7 171 317260.027615 542439.8062699996
7 207 316222.642396 542440.9823699994
7 276 315222.50547900004 541400.6655499996
7 30 314364.0150720001 544557.5905199996
7 31 315356.6671930001 543062.4689499997
7 399 317717.191321 542013.3597999997
7 417 316333.613231 541740.45334
7 475 317681.97115800006 543509.9039999996
8 164 317110.82544200006 543324.26388
8 245 315760.429611 541998.7114499998
8 321 315660.08849 543122.0475599999
8 382 317777.44078299997 539236.5751199997
8 514 317628.0078690001 543821.3367300001
8 51 316006.123241 537778.4729099995
9 115 314635.03379899997 536775.8765400001
9 294 317707.63405700005 538996.4638999999
9 305 313737.1106730001 542657.6153899999
9 424 314060.6398260001 541576.6553799999
9 481 314396.92631300003 542906.8004599996
9 490 316021.330221 542666.0642499998
9 514 317628.0078690001 543821.3367300001
10 169 317286.562882 542970.3371199993
10 32 310530.26600000006 539776.4633599995
10 403 315949.04394700006 537324.31874
10 502 316025.17932900006 542192.3158300002
11 228 316511.3981890001 538832.375
11 246 316590.78945100005 540625.8842199994
11 252 312598.573251 541742.1708
12 122 315018.8901930001 543434.3001699997
12 236 316226.67262800003 543060.1302399999
12 254 314247.13479000004 544377.1370299999
12 428 312744.446568 541046.2412800002
13 22 312594.10824900004 540848.9745099996
13 309 316810.523042 541946.5182499997
13 370 343839.57062300004 528500.2318899999
13 387 318024.558278 530207.72248
13 402 317769.385516 537485.6774599995
13 442 314937.63826300006 543761.1146599995
13 491 315241.08045500005 539388.08849
13 50 313608.4410440001 544443.1958400002
13 511 316287.55024 544578.3649499998
14 318 316430.799615 541830.9389300002
14 418 310866.23280200013 542371.30779
14 421 318311.8885770001 543322.05223
14 68 317724.75688999996 539209.6054400001
15 148 310704.185208 542373.7240699995
15 352 313052.43546900013 542436.0753499996
16 234 317445.820158 525970.0768999998
16 266 316214.731041 542438.7135399999
16 277 314201.477346 536920.8159099994
16 3 313969.03575000004 541578.32295
16 365 316988.34678400005 539610.9665099997
17 119 312737.631311 544908.47994
17 235 316604.400717 543481.92178
17 306 335263.399309 539652.3486000001
17 401 315095.98459600005 541207.9370099995
17 56 314005.07843999995 541296.7188399998
17 84 315261.17983599997 541841.3893199996
18 186 339987.122767 506556.9788800003
18 267 312799.28792500007 541156.4064099998
18 298 312748.09903000004 542525.2652999996
18 299 316947.26264 543152.3493999997
18 341 316909.559349 542436.45554
18 355 317696.63859900006 539198.3283299999
18 509 316409.7689220001 541814.1631
19 301 317623.5078270001 542882.6344499998
19 345 316719.55851800006 539210.9340599994
19 353 333019.584438 510240.2328699995
19 372 315147.01165900007 542504.1874599997
19 393 313891.242753 541626.6747900001
19 446 315081.5720500001 537102.5879599997
19 532 315364.85548599996 540314.2018900001
19 58 311978.58828100003 537921.8041099994
19 9 316835.1013590001 544172.4127999996
20 159 313133.492267 536167.7331400001
20 216 314191.18307300005 540231.5820900002
20 474 316469.17510900006 544397.5467300001
20 526 315023.452027 541258.5297099994
20 531 315687.37117100006 542841.50434
22 26 317862.4456890001 539034.0806300002
22 28 315680.78561499994 542060.3494199994
22 450 317263.20854 542904.7242699997
22 530 315501.06001400005 536669.13063
23 238 315555.043662 543305.57779
24 19 314101.359929 544315.2312699994
24 249 314405.3089220001 541525.4819999998
24 371 317731.2319550001 539161.9372699996
24 400 317697.5051970001 539200.5529999998
24 451 315519.36502100003 542953.6328499997
25 108 316863.452379 537363.3672799999
25 173 315175.534613 540304.1574699995
25 363 313032.69953700004 535624.5835699993
25 386 313931.39043200004 544616.0009599999
25 479 316873.65162 542820.1275300002
26 281 315080.189654 543345.9141800003
26 46 315659.4641310001 542090.17423
26 498 317627.78199100005 541948.42839
26 534 315598.904539 544040.3649699995
26 85 315655.35202900006 541618.5959599996
27 81 313473.863001 544422.4209799999
28 100 317701.995935 539187.2675899998
28 137 326540.371528 547899.3010499999
28 148 310464.769813 542353.5201099995
28 210 314389.5689770001 543828.7798499996
28 221 313934.4558270001 541616.94863
28 422 317864.6925730001 543032.8750499999
28 515 310812.15775500005 540714.4822899997
28 53 309438.34999200003 542283.4931399999
28 69 317753.25551300007 539162.0797099997
29 152 315896.039585 541155.2010999997
29 180 314731.69877400005 543169.5800300003
29 316 314854.1779250001 541717.9480699995
29 500 315185.49384 542261.4362900001
29 75 316288.119668 543649.6826900002
30 176 314566.3004470001 542422.9635199993
30 383 312425.75111199997 540568.3911599996
30 521 329516.8568690001 550333.4559900002
31 145 316144.30065800005 542996.3686599997
31 20 313879.91047700006 542926.9789199997
31 264 317567.84041099995 541547.4974999996
31 268 325988.60010300006 552121.5218400001
31 348 317854.5063560001 539171.6116300002
32 125 317700.97158500005 539209.45169
32 354 311012.55706400005 527823.0733400001
32 63 314313.532 540537.4427099996
33 128 317785.48410400003 539218.8746099998
33 181 316542.790992 542504.0270199995
33 204 318321.8687300001 539373.2612599996
33 205 316428.75161200005 543131.3051800001
33 272 314997.550054 540025.6803800003
33 332 314789.3940600001 541798.54764
33 39 316365.76936000003 544599.9395900001
34 124 316631.2877590001 538125.2517999997
34 366 315423.3410090001 543386.8666599998
35 142 314528.42431499995 536627.6616400001
35 17 317854.44163599994 539181.5970399999
35 190 318208.85089899995 540897.0291300002
35 24 310463.739067 540647.0661999998
35 506 313926.51641100005 541619.11998
35 95 317725.7669560001 539189.6403300003
36 116 313095.4155710001 542613.8542800001
36 23 316715.0254980001 542977.7828199994
36 322 315415.97837 544433.1160800001
36 425 316536.7536810001 544431.26064
37 170 317721.613322 539150.7797199995
37 240 315297.3575810001 541117.0867900001
37 241 315028.82713999995 543250.1781299999
37 259 315483.02082900004 541430.0145399999
37 413 314376.19495000003 542259.81623
37 459 324704.76310900005 558884.8775699995
38 212 314366.64365600003 543108.5520699993
38 243 309486.334117 542687.6222699997
38 395 315378.058157 540173.3728999998
38 457 315258.8782550001 543497.91274
38 49 318088.12814200006 543202.9789599995
38 533 323791.00328299997 547052.3597199996
38 92 316700.6622260001 543020.9636699995
39 107 312940.44189500005 544703.2997900001
39 295 317749.21499700006 539241.9401699994
39 41 318123.53147200006 537362.5982199996
40 242 313817.303055 543235.0534999999
40 284 315951.981807 543897.2181099998
40 317 315390.944352 542930.6461599995
40 397 317112.433615 541696.5787499999
40 427 317205.1761390001 542341.8149899999
40 433 311420.45903400006 528850.5614800001
41 5 314956.64530800004 543676.9064799999
42 138 314342.70496800006 542264.0512999999
42 15 315318.3568170001 541994.8582699993
42 215 313984.08177000005 542736.7654900001
42 519 312986.862461 541160.8385800002
42 99 315696.4472190001 543505.06464
43 477 317067.85687200003 543021.0842499998
43 529 313623.844467 543191.7328099995
43 70 313906.060284 544582.5625099996
44 112 317788.003458 543181.0563599998
44 25 316849.589488 543832.9851899999
44 376 314578.878758 540790.9171599997
44 389 317805.23962600005 543238.8643300002
44 458 316752.2316500001 543219.8989999997
44 496 316472.567058 544278.8471999997
45 233 317608.3918470001 537582.2766800001
45 396 315413.59508999996 538272.9666300002
45 460 315159.95507200004 544261.7742199996
45 74 317724.68515300006 539220.70034
45 78 310090.748287 540244.4532099995
46 104 315989.8435190001 542209.8470999999
46 467 315920.323536 542201.6453399998
46 521 329527.4052230001 550334.6491699996
47 292 315259.2414340001 543724.2607099996
47 453 316253.20467500004 542482.2275800002
48 109 314600.99114100006 536722.41224
48 292 315259.23458199995 543725.3702099998
48 404 317380.6816260001 543807.5368199996
48 411 310612.86611900013 538397.7920999997
48 519 312986.855921 541161.9480699995
49 121 309577.509097 542279.8168800003
49 130 316143.870096 542363.9291499997
49 194 315529.33985600004 541487.9975800002
49 197 315116.343522 541048.2894599997
49 214 315892.34294600005 541042.00544
49 235 316927.2323230001 543531.6847199993
49 308 315011.951246 543847.00544
49 329 309953.96214800014 535982.0402199994
49 408 329141.323141 548862.5101599996
49 456 317635.558891 543879.0818099994
49 497 313795.930392 541659.38888
49 62 314695.922166 541673.7088599997
50 129 314965.09417200007 541726.3946499997
50 195 316088.44469200005 539827.1832999997
50 23 316715.0254980001 542977.7828199994
50 452 316560.63899 537593.3395199995
50 52 311285.31631400005 540529.6501699993
50 83 315168.9182000001 542378.9449
50 98 312002.909493 541949.5187199996
51 158 311627.131361 541595.6364199994
51 175 315135.0046770001 537441.3219099995
51 286 315405.105341 539930.55265
51 415 309798.76395100006 535517.4089599997
51 466 315460.23167400004 544111.6239599995
51 482 316770.006101 544301.8149800003
52 151 315399.126512 541893.2805300001
52 154 316080.004463 543139.0955199995
52 300 315088.979624 543777.5783299999
52 503 316480.32919099997 544304.4157599998
52 510 315063.5785980001 541751.4092999999
53 149 317070.42042 543033.30559
53 378 313363.53251200006 542099.5112199993
53 472 307755.13272600004 552201.4179099998
53 481 314871.95475100004 542985.1457400001
53 488 317229.4738230001 543221.8366800002
53 520 315144.3144380001 541369.1168
53 59 317440.54737399996 525966.7145999996
53 85 315486.29602799995 541469.9780899999
54 135 317858.15237799997 539152.7731499998
54 278 313387.62584600004 544415.2502299999
54 279 314698.31868100003 541136.70958
54 42 315828.1078420001 543148.6142800003
54 47 317793.455629 539212.2689899998
54 6 315003.32674200006 544247.4956699996
55 101 315436.76168900006 541220.0259499997
55 102 316602.131712 538834.0582699995
55 294 317838.4193620001 539207.01254
55 343 317026.62379900005 538996.5286099995
55 484 314524.9891770001 542844.3352300003
55 73 314574.96224 542302.0770399999
56 263 315492.598447 541447.8264699993
56 310 317703.7004470001 539196.1548899999
56 31 315969.835862 543155.0480999998
56 328 317784.768349 539193.3506399998
56 357 314579.660161 541675.2191699995
56 50 313303.99673400004 544413.6435499997
56 51 315728.373428 537810.02629
56 88 317690.22912300006 539099.5382300001
57 105 317706.37194800004 539191.7340199994
57 207 316330.23463900003 542555.9422999998
57 22 312628.182654 540595.0920599997
57 302 316246.20287399995 541635.6064699995
57 51 315727.4854420001 537811.1302999998
57 66 314636.65613599995 542005.0978599996
57 67 317324.81452400004 543047.1411599996
58 104 315988.94206400006 542213.1700599995
58 189 315564.97242799995 540429.7232900001
58 211 315478.309901 543184.1619599997
58 304 317688.00843300007 539170.5341699994
58 311 317693.2295560001 539180.5537199993
58 524 316600.41919300007 542720.7520999997
59 262 315891.2949750001 538811.83764
59 313 316995.2091920001 543228.1042199996
59 347 314189.47502600006 540222.6955300001
59 405 314831.58412400004 541812.1201399998
59 465 314861.646483 529823.9012699993
60 114 313696.8335810001 543207.70279
60 118 317760.2312680001 539173.2201999999
60 179 316413.7430850001 541463.5744699994
60 192 315547.86937 544460.5633199993
60 219 314675.62540400005 536911.4857399999
60 320 317739.76870200003 539204.15484
61 11 315119.174001 542591.6693599997
61 229 315673.0088480001 539062.3413399998
61 3 313883.180378 542089.3011599998
61 359 316845.85968 542067.6828099997
62 147 315003.0608130001 544290.7660400001
62 155 316959.24338700005 544034.5114699993
62 307 314565.52657600003 540234.9608499999
62 385 313383.551475 539916.0764699993
62 53 309614.40907399997 542295.5526199993
63 196 315447.19619200006 545077.9524599998
63 230 312397.9710230001 543069.1069599995
63 275 314145.97701000003 540424.3673899998
63 277 315659.455051 536989.6565800002
63 283 311390.035071 542709.3558999998
63 401 315111.2502250001 541017.1911999998
64 161 312549.6775130001 538351.1737099998
64 182 316129.592524 543515.5406300002
64 255 315517.521331 542966.9358599996
64 419 317543.829345 542948.6925300001
64 459 324704.76310900005 558884.8775699995
64 487 317746.6152560001 539235.2661299999
64 532 315411.33311999997 539920.6053900002
65 117 309700.670667 540379.8813199997
65 132 314941.05561499996 544638.78033
65 157 314282.12780500005 543251.16983
65 19 314155.112863 544015.9810800003
65 329 309946.9609230001 535973.12549
65 351 315369.10461200005 540481.7675800002
65 421 318181.589957 542374.7599999998
65 442 314980.06719800003 543447.3761
66 22 312626.93839300005 540657.2182899998
66 289 315673.8659290001 538782.7449199995
66 378 313456.792729 542114.4898399999
66 491 315240.17902000004 539391.4115300002
66 502 316026.059945 542192.3213499999
67 110 317740.60658400005 539210.8174800002
67 164 316561.5831340001 543152.1170199993
67 171 317609.101546 542113.6292699995
67 276 314979.40490900003 541834.1072800001
67 399 317926.41547500005 542071.3029
67 463 313194.4061270001 538683.3811300001
67 475 317679.96615800005 543547.6154999998
67 82 316386.42359400005 542582.9256099998
68 152 315905.30464900006 541222.9406400002
68 245 315298.263011 541540.9343900001
68 267 312980.55353000003 541185.2110299999
68 305 314407.177991 542813.6617699997
68 403 315837.023482 537766.32173
68 417 316698.561965 542103.3613300002
68 511 316425.244207 544522.6472599995
69 115 314353.53194700007 536403.5870999997
69 30 314480.78892700013 544754.68823
69 382 317778.3217180001 539236.5808199993
69 424 314486.491197 541644.6949899998
69 490 315314.06857 542546.2710099998
69 502 316026.03909 542195.64983
69 519 312986.855921 541161.9480699995
69 530 315921.284571 536689.4953599996
69 68 317724.74971600005 539210.7149300002
70 108 317227.566601 535956.5865799999
70 267 312984.95059400005 541186.3464699993
70 407 312128.011237 541789.3607800002
70 496 316740.755691 544332.6961699994
70 502 316026.032138 542196.7593199993
70 514 317662.0320430001 544142.2149199997
71 308 315012.8112270001 543850.3393299999
71 365 317149.382247 538949.6028399998
71 532 315413.630241 539834.0761199994
72 252 312460.30302900006 541742.4727699994
72 321 316035.57528800005 543203.17013
72 341 316587.056153 542745.0773
72 535 315365.86184100003 542857.26149
72 56 314308.599679 541061.1114599998
73 398 314875.45166 538962.0022999998
74 122 314430.3259850001 543351.9268699996
74 236 316129.749691 542929.7049400001
74 309 316503.35333199997 541638.3378499998
74 318 316664.873811 542277.3451300003
74 376 314831.41896200005 540975.5311499997
74 402 317793.86308300006 537515.7932099998
75 167 315326.649664 536656.95744
75 352 313068.338738 542874.4342099996
75 445 315416.224895 544109.1321099997
75 58 311263.270016 537588.1831
76 119 313615.47739600006 544444.3474300001
76 251 314080.71264200006 541753.1919399998
76 254 314548.58126400004 544175.9221800002
77 169 316807.88199300005 542500.1613999996
77 176 314127.3949310001 542335.9781900002
77 246 317058.273483 540662.1432999996
77 428 312566.66556800005 541324.8015099997
77 84 315104.908036 541332.2596499999
78 203 316345.6961810001 543176.2720900001
78 298 313646.439093 542652.6347400001
78 306 335702.695161 539790.3956300002
78 464 317714.47253500007 539165.1575199994
79 187 313891.43253999995 542034.9836399998
79 234 317445.813053 525971.1863699993
79 247 317861.1116510001 539103.9727499997
79 301 317924.01642900007 542576.12879
79 353 333887.721087 510140.9194699996
79 509 316863.4511010001 542071.1234099995
79 9 316977.3335190001 543959.1780699994
80 142 314928.032961 537137.1513399999
80 159 312549.0695600001 534829.55364
80 173 315109.91214500007 541091.5216899998
80 372 314605.134307 542408.7761300001
80 446 314786.811004 537175.12133
80 474 316259.707437 544246.4366099997
80 526 314603.26988200005 540835.4469400002
80 531 315600.567409 543348.0231099995
81 266 316311.76347600005 542552.4972699997
81 267 312997.26105800003 541189.7476300001
81 321 316053.185455 543203.2805399997
81 326 315471.41524800006 537472.2447899999
82 26 317746.88797100005 539193.1055300003
82 292 315258.33357500006 543728.6932599996
82 444 317136.7016980001 525876.0134899998
82 46 316016.997739 541670.7823300003
83 238 315890.15925200004 543364.2524499996
83 299 316738.10043900006 543365.1590099996
83 304 317693.24389499996 539178.3347499999
83 355 317696.63142900006 539199.4378199996
83 450 317262.320878 542905.8281199993
83 451 315990.5274550001 542944.3653599997
84 249 314574.8059210001 541459.9402300003
84 28 315688.7527230001 542053.7417899999
84 292 315258.33357500006 543728.6932599996
84 345 316333.32371499995 539129.7160699996
84 371 317731.23913 539160.8277799999
84 406 316796.94304200006 527276.28058
84 418 311482.431596 542412.5299300002
85 186 340400.661679 506893.6027199994
85 283 311388.5533220001 542814.75263
85 393 313877.165282 541624.3711899999
85 400 317696.62425900006 539200.5473099998
86 128 317784.631895 539214.43095
86 264 317538.5702640001 541579.4853599998
86 533 322368.21554800007 546743.7386199995
86 95 317724.88601700007 539189.6346300002
87 211 315487.390257 543139.8367699995
87 334 314794.744315 529368.5931800003
87 386 314055.661005 544593.4492599997
87 498 317486.963218 541797.7320499998
87 81 313656.728811 544465.6752999998
88 100 317774.36222799995 539167.7639599997
88 137 325180.049016 547387.6093699993
88 150 315467.2485 543263.9800800001
88 210 314693.652246 543920.5038599996
88 272 314814.8762060001 540800.1238599997
88 534 315523.7064100001 543814.6613400001
88 69 317757.6458690001 539164.3271900001
89 107 313622.513747 544445.4990300001
89 135 317748.3555940001 539238.6059999997
89 216 314191.93290699995 540399.1256300001
89 316 315185.153714 541459.2406000001
89 515 310474.0727430001 540689.2858099998
90 145 316193.4109720001 543308.4578099996
90 363 312285.3444520001 534708.1926599997
90 402 317793.86308300006 537515.7932099998
90 63 314194.0801730001 540189.4374499996
90 98 312002.02885500004 541949.51363
91 124 315741.23150800006 537017.9030699995
91 221 313927.377083 541622.4537399998
91 268 325427.71140200004 553027.1886099996
91 281 314311.392766 543216.9515300002
91 347 314254.081003 540463.8539599995
91 348 317696.5525590001 539211.6421999997
91 479 316685.2417250001 542675.7989099994
91 521 329527.422811 550332.4301399998
91 62 314681.22216500004 541773.4771599998
91 87 314390.21568100003 540238.3341300003
92 125 317700.97158500005 539209.45169
92 143 313906.09646400006 536950.1055399999
92 17 317703.542688 539220.5636599995
92 354 310845.693495 527375.0064999997
92 500 315252.91160700005 541896.8150300002
92 62 314681.22216500004 541773.4771599998
93 158 312130.43443200004 541675.0934299999
93 181 316117.51555400004 542073.06488
93 204 318315.70954099996 539372.1114599998
93 205 316237.12792 543217.7505999999
93 289 315676.960307 538993.5749900001
93 39 316219.62383000006 545019.5348599995
93 422 318503.47864 543511.9312
94 332 314252.299229 541632.1796199996
94 343 317164.082638 539130.5509599997
95 190 318171.94589800003 541693.4383899998
95 20 314118.30124100007 542967.2479999997
95 240 315331.675742 540694.5665599997
95 366 315212.38997600006 543897.0594499996
95 442 314985.3909720001 543440.7515799999
95 506 313957.5735680001 541580.4730799999
95 507 315723.923038 538808.5754399998
95 73 314978.7776840001 542366.6800699993
96 203 316469.1743940001 543005.0730999997
96 20 314118.30793700006 542966.1385099995
96 249 314576.6618770001 541444.4180800002
96 425 316647.24408900004 544223.3671199996
96 503 316348.46653700003 544272.5155799999
96 98 312002.03526400006 541948.4041399998
97 241 315110.381485 542732.52629
97 259 315356.29379500006 541271.6761599998
97 413 314900.46244200005 542213.0838599997
97 463 313279.76339 538700.5293599996
98 212 314880.3078620001 543202.6660199994
98 243 309484.573004 542687.6126299999
98 395 315236.16006499995 539757.5319499997
98 411 310596.13052799995 538711.6923499997
98 457 315441.71436800004 543405.84265
99 215 314984.31354 542899.2911399999
99 23 317248.944658 543206.4280099995
99 24 310278.680484 541296.2146399999
99 322 315807.30934000004 544505.4512099996
99 41 318228.48224300006 537753.8381999996
99 427 316966.29374 542101.73643
99 49 318087.07406500005 543229.6011399999
99 92 317094.2230590001 543029.0196599998
100 242 314333.66035200004 543320.2732699993
100 295 317751.922396 539231.9718599995
100 307 314745.966795 540257.1418199996
100 446 314772.74644300004 537169.4878400001
100 482 316966.9525250001 543930.2637
100 75 316574.721154 543719.1754399999
101 317 315295.615399 543394.9526899997
101 460 315081.98184 544342.2902299999
101 46 316024.175174 541649.7460999996
101 47 317792.5675090001 539213.3727800003
102 286 315376.621665 540263.2361400002
102 383 311804.20920100005 540360.6411299999
102 450 317262.31375800003 542906.9376099994
102 534 315523.71329700004 543813.5518399999
102 99 315697.341516 543502.8511300003
103 15 315138.659751 541858.3865599995
103 472 308428.397934 550977.8510499997
103 477 317458.1784920001 543395.28584
103 529 313625.60548100004 543191.74333
103 70 313910.455404 544583.6984699997
104 138 314421.12613600004 542256.7602900001
104 25 316821.897797 544033.63595
104 389 317806.01222100004 543255.51248
104 458 316225.71531600005 543072.3291499997
104 78 310703.6235270001 540278.9389699996
105 112 317783.49303 543197.6702599996
105 278 313208.17388 544389.7747300002
105 404 317575.1454050001 543826.54293
105 74 317724.68515300006 539220.70034
106 129 315183.3649800001 541463.6677099997
106 291 314839.260932 541708.98049
106 396 315625.192465 538675.92759
106 442 314985.452302 543430.7661199993
106 463 313274.47089700005 538701.6075300002
106 52 311917.531158 540566.5556800002
107 154 316159.46751900006 542684.6836099997
107 357 314637.14859500004 541779.8655499998
107 386 314061.184075 544553.5392399998
107 453 316367.197915 542559.5039999997
108 109 315127.21779200004 537417.9739699997
108 116 313162.42041300004 541856.4409499997
108 262 316261.277716 538818.5937199993
108 30 314282.80605300004 544883.3021599995
108 59 317440.54737399996 525966.7145999996
108 83 315150.0467190001 541868.4424899998
109 179 316031.772321 541842.8530299999
109 197 315246.05836600007 541009.1454199995
109 235 317014.49850700004 543516.7081800001
109 467 316287.35849700007 542232.7965599997
109 497 313795.49147 541732.6153199994
110 170 317722.43687900004 539159.66133
110 195 315666.6807680001 539796.8119300003
110 456 317556.7845180001 543942.9264599998
110 481 315210.64416100003 543038.26664
110 510 315196.49025200005 541763.3228699993
110 85 315502.92552300007 541060.6629999997
110 88 317933.882353 539022.3391
111 138 314444.8688510001 542262.4521399997
111 175 315211.6412000001 537874.5091900001
111 249 314576.6618770001 541444.4180800002
111 310 317702.81950900005 539196.1491999999
111 351 315222.71947500005 540651.7318499996
111 415 310399.044905 535028.1070699994
112 108 317712.57047200005 534548.3832399999
112 300 315005.99520500004 544243.0739199994
112 383 311727.417796 540234.8236699994
112 385 313505.51052799996 539257.7427400001
112 5 315034.381545 542919.5703999996
112 66 314689.608517 541698.0800599996
113 463 313264.799762 538698.2216599998
113 466 315674.87913599994 544140.6962699993
113 520 315410.216261 541809.0244999998
114 130 316429.123315 542654.2056499999
114 279 314710.7162390001 540981.4507300002
114 284 315953.79824300006 543888.3531599995
114 42 316371.9645130001 543199.73813
114 465 314746.440082 529189.6676499997
114 6 314943.7988480001 544622.1540899999
115 229 315654.8365890001 539293.0108699994
115 233 317609.2729580001 537582.2823599996
115 294 317719.327806 539231.7610599995
115 488 317441.733353 543214.3245299999
115 533 321772.1654500001 546515.4295199993
116 149 317012.634966 542705.6218300001
116 214 315304.8354750001 541332.3825499997
116 263 315494.04937799997 541071.7033199994
116 31 316384.095572 543230.8817999996
116 376 315241.64096900006 541011.3372399998
116 50 313029.6274560001 544359.8703699997
117 105 317706.36477700004 539192.8435099996
117 151 315285.75302100007 542568.2867899998
117 155 316856.55825700006 543706.5418199995
117 180 315046.22473700007 542998.4202800002
117 207 316471.807329 542449.2106699995
117 302 316443.15921000007 542105.0727900001
117 359 316845.88792799995 542063.2448300002
117 370 345321.63659899996 525885.9605199993
117 51 315305.633792 538063.7083699997
117 518 317694.08898800006 539183.8878899999
117 67 317216.39044 542927.7243099995
118 104 316151.781541 542366.1979199997
118 107 313646.297086 544443.4221800002
118 161 313371.59019700007 538666.6787199993
118 194 315485.910071 541248.0688
118 395 315236.16006499995 539757.5319499997
118 452 315199.66084400006 536957.9660199997
118 457 315445.36696200003 543384.7840599995
118 53 309960.367815 542318.5392999998
119 313 316551.53882600006 542791.4530199994
119 405 313851.4592690001 541651.9551900001
119 460 315081.98184 544342.2902299999
119 524 316672.1881220001 542651.3062
119 535 315858.40547600004 542950.1961599998
120 101 315465.9835470001 541194.6876699994
120 114 313601.9004690001 543769.6689399998
120 118 317714.51556800003 539158.5005800002
120 132 314940.95344800013 544655.4227899997
120 192 316051.85002500005 544539.1584399999
120 484 313984.86883199995 542752.3036999996
121 11 315546.65021600004 542671.9797899998
121 126 314189.786783 540025.2011499996
121 148 311027.355996 542376.6561499997
121 189 315527.242328 540832.2498199996
121 3 313773.21380500006 542657.8316800003
122 147 315403.639359 544435.2587099997
122 254 315056.07539 544260.02495
122 320 317738.8877640001 539204.1491399999
123 145 316337.252812 543398.1267900001
123 177 323631.2074930001 546997.9484899999
123 230 312096.84647600004 543065.1387699996
123 277 316611.006115 537988.6510699997
123 401 315105.017046 541171.3779699993
123 419 317429.4166430001 542939.0788400001
123 459 324390.3320850001 558736.1042800006
124 102 317841.48965500004 539005.0968800001
124 196 315878.9760370001 545152.7616099995
124 216 314312.718383 540526.3424699996
124 311 317691.453337 539182.7613199996
124 426 311489.525564 539474.5475400002
125 117 308845.48832600005 540360.8030999997
125 197 315244.31057 541006.9155800003
125 245 314984.0922190001 541213.9067199994
125 365 317690.4800310001 539060.7060999996
125 407 312270.30590100004 541702.5334099997
125 521 329526.5430480001 550332.4231699994
126 157 314115.904036 542780.8317999998
126 19 314233.73595500004 543536.0274699996
126 228 317860.130018 539119.4998900001
126 255 315489.57794600003 543071.0590099995
126 32 311211.94496900006 540731.1666299999
126 328 317784.768349 539193.3506399998
127 110 317740.599408 539211.9269699994
127 164 316225.7790640001 543202.1456399998
127 171 317894.865815 542183.1616799999
127 276 314475.29611900006 541747.8135099998
127 326 315822.51904499996 537548.7636599997
127 445 316319.51147 544256.7993699997
127 82 315973.0910090001 542213.0708300001
128 115 314075.20903599996 535938.1271499996
128 275 314143.28104500007 540433.2273599994
128 292 315217.864285 543866.0261599994
128 305 315121.60942 542911.2307499996
128 417 316888.4634560001 542292.0809900002
128 487 317709.65903800004 539228.3699499997
128 511 316551.90985000005 544401.3989900001
129 186 340180.621071 507261.07678000024
129 378 313591.41529000003 542134.1544900001
129 382 317779.24573900003 539229.9295899998
129 509 316801.7024940001 541948.6812300002
129 530 316365.8516980001 536622.3819999998
130 169 316178.7229960001 541862.63723
130 25 316794.66624200006 544162.1695199995
130 424 315145.97213300003 541672.0297999997
130 464 317712.71065100003 539165.1461300002
130 496 316920.8007850001 544263.9414900001
130 502 316072.519965 542086.0970199993
131 167 314793.709026 536622.6198199997
131 240 315149.3141770001 540700.0990599995
131 509 316783.31478300004 541931.92124
132 236 316000.50038800004 542758.0253999997
132 299 316627.877144 543389.9787499998
132 341 316466.4556600001 543017.2608499997
132 399 317867.4491600001 542065.3723399998
132 428 312993.18451000005 541134.2471599998
132 491 315242.7807250001 539398.0847499999
132 56 314348.293096 540615.32039
133 119 314144.0654460001 544532.9583800002
133 122 313879.59878800006 543272.0421199994
133 132 314940.95344800013 544655.4227899997
133 219 314676.50658300007 536911.4911099998
133 240 315147.559457 540698.9787199995
133 490 314655.2332890001 542424.6150499997
134 22 312650.196187 541348.5902
134 318 316507.11511500005 542436.11944
134 418 312131.23867300013 542448.4394699996
134 514 318067.0346730001 543602.2772999997
135 252 312128.60884 541686.17814
135 49 318069.50005500007 543223.9388899999
135 519 312819.26345800003 541054.4471300002
135 532 315564.8234420001 539602.0111999996
136 298 314231.26969700004 542779.3097800002
136 308 314853.577929 544259.8911800003
137 135 317723.71095900005 539235.1180099999
137 234 317444.93070300005 525971.1807199996
137 58 311007.5042010001 537318.2311300002
137 84 315112.212879 541003.8827199996
138 246 317164.2149690001 540211.2392899999
138 267 313404.658608 541255.4029800002
138 306 336277.71114300005 540021.7443300001
139 112 317903.29169900005 543055.31653
139 176 314027.60496 542528.4352699993
139 247 317861.118842 539102.8632599995
139 301 317986.507979 542174.8808599995
139 353 334010.978689 510202.97334
139 393 313912.3722770001 541627.9112399998
139 9 317151.764995 543943.6505199997
140 142 315181.575101 537748.9474499999
140 173 315039.720726 541190.9481299999
140 372 314438.850724 542383.3547800002
140 405 313801.2077670001 541660.5300400001
140 531 315523.58242800005 543834.6322599999
141 159 312291.5336350001 534704.8999899998
141 321 316517.3046830001 543191.7801699997
141 405 313801.2077670001 541660.5300400001
141 474 315199.82866800006 544077.8367099995
142 152 316087.933753 541173.0452999999
142 26 317731.6106710001 539239.6072300002
142 334 314791.29024700006 529066.7848300003
142 403 315754.840491 537804.6433299999
142 475 317674.819683 543526.5008800002
143 255 315561.61535 543098.1350400001
143 268 325226.86727399996 554493.6718699993
143 28 315678.157534 542058.11399
143 355 317697.512367 539199.4435099997
143 433 311878.498409 528346.1329599996
143 451 316381.86889100005 543025.60293
144 238 315796.74291499995 543236.07204
144 365 317693.9679980001 539066.2763199997
144 444 316814.32033200003 527318.5520800003
145 180 315046.22473700007 542998.4202800002
145 309 316270.53899100004 541407.19508
145 345 315869.266983 539094.6306199995
145 371 317732.965141 539166.3866199995
145 433 311877.61631900014 528346.1278999997
145 526 314088.29200699995 540349.6810199996
146 187 313846.7368940001 542292.1267999997
146 266 316533.412332 542733.6422499996
146 281 313568.988457 543088.2185599995
146 352 312903.18122200004 542957.7845199993
146 421 317987.51127200003 542156.0251699993
146 479 316146.374253 542105.42264
147 128 317782.89874800004 539209.9815799999
147 347 314526.36346499994 540736.2306199996
147 498 317486.9274800001 541803.2795199994
148 100 317790.226362 539166.7571099997
148 272 314749.807547 541070.4520099997
148 304 317687.299537 539143.9007299999
148 343 317155.160533 539285.8287300002
148 69 317749.73892100004 539160.9474300002
149 108 317979.39619600005 533093.3005099995
149 137 324413.61421400006 547246.6143099996
149 180 315355.084595 543033.6111999997
149 286 315337.53951599996 540743.4222499998
149 400 317695.743321 539200.5416099997
149 406 317082.7857250001 525751.4051099997
149 81 314040.28283400007 544515.6889399998
150 211 315507.58076599997 543007.9270599997
150 221 313923.033713 541612.4418599997
150 316 316148.75257500005 541165.6601899997
150 475 317673.96791500004 543522.0571999997
150 500 315280.1551140001 541335.5587499999
150 63 313913.09588400007 540187.7452499997
150 95 317725.7669560001 539189.6403300003
151 17 317693.93125699996 539208.2966499999
151 264 317539.33647900005 541597.2429300002
151 402 317793.855904 537516.9026899999
151 87 314192.884415 540241.5781300003
152 190 317935.9881940001 542224.4818099998
152 348 317693.98144400003 539200.5302300001
152 62 314718.7450760001 541686.0530499998
152 75 316736.5624790001 543745.7218399998
152 98 312092.317179 542022.1550400001
153 129 315690.574699 541194.9727199995
153 158 312475.539203 541546.17509
153 205 316703.324947 543017.6519599995
153 210 315167.8758230001 543976.6716499999
153 307 315082.32484600006 540278.0647099996
154 150 315496.5051180001 543089.9641199997
154 181 315928.5346250001 541874.3833699995
154 24 309850.412242 541497.9940699995
154 332 314327.21704899997 541622.6473699994
154 515 309805.91578000004 540622.3358699996
155 23 317322.978737 543195.8079599994
155 366 315144.42082900007 544353.7701900001
155 39 316075.97510000004 545183.9536299999
155 427 317128.52031200007 541797.6497099996
156 204 318045.620597 539315.9827800002
156 289 315566.15905200003 539244.7503900002
156 503 315490.984087 544121.8005599994
156 506 314019.361424 541557.5447
156 507 315466.758117 539220.83415
156 510 315399.95909200003 541901.0524300002
156 73 315244.800941 541926.7224199995
157 165 309469.9484140001 542302.52783
157 249 314712.526101 541550.6520199995
157 259 315108.471684 541182.49455
157 408 329141.358092 548858.0721099996
157 413 314975.4851100001 541755.3062999998
157 450 317055.164365 542664.8405699995
158 116 313099.23239500006 541520.98924
158 167 314782.22620400006 536626.98783
158 212 315682.52228400006 543337.4376099994
158 241 315236.39599400014 542004.3380199997
158 322 316258.470355 544582.6198899997
158 395 315397.934961 539950.4798699995
158 411 310535.7317560001 539586.7658199994
159 143 314293.952363 537220.9460399998
159 215 315220.740646 542971.7567199995
159 452 313742.4444090001 536760.5066399998
159 92 317326.618351 543040.4954999997
160 149 316880.6877890001 542545.0064499998
160 278 313117.6181060001 544070.8020800003
160 295 317751.03428400005 539233.07565
160 386 314072.16342500004 544484.8141899998
160 446 315134.17130200006 537433.5500999996
160 482 317091.8310420001 543402.9197899997
160 533 320445.798695 545854.9790099994
161 149 316838.54001999996 542525.8758899998
161 170 317721.55593599996 539159.6556299999
161 20 314118.66579700005 543344.4919699994
161 251 314082.46727500006 541754.3120499998
161 284 315952.869187 543896.1141300001
161 52 312463.8976440001 540672.9089899999
162 180 315355.084595 543033.6111999997
162 343 317155.160533 539285.8287300002
162 345 315734.53728100006 539084.91469
162 35 310800.3275560001 535455.2957199994
162 42 316424.8956230001 543044.7367400001
162 46 316254.6444940001 541413.7522800001
162 534 315603.81102799997 543534.4457199993
163 154 315589.33095800004 542605.6726699993
163 15 314445.40076800005 541739.8651699997
163 422 319513.85905900004 544763.54433
163 532 315622.8589930001 539619.0144699994
163 5 314773.95276700007 542883.5780999996
163 70 313908.68134400004 544585.9068800001
163 99 315690.27006999997 543507.2452400001
164 334 314791.29024700006 529066.7848300003
164 458 316370.3575060001 543175.3181199995
164 472 309371.24327 549886.7346199993
164 477 317603.13778900006 543309.6766399997
164 479 316146.374253 542105.42264
165 159 311953.09045600006 534699.6159999999
165 243 309484.579076 542686.5031400002
165 404 317722.232936 543683.2533499999
166 121 309581.01933000004 542282.0551800001
166 165 309470.810805 542305.8611099995
166 216 314705.7703350001 540925.9439400001
166 233 317609.28011200007 537581.1728699994
166 242 314687.28024900006 543377.9014999997
166 442 315023.23123000003 543444.31269
167 453 316622.3936510001 542310.3619300001
167 74 317723.8257380001 539217.3661799999
167 78 311280.36208700004 540316.5933999997
167 98 312087.02055500005 542024.34344
168 124 314285.7686480001 536971.25354
168 159 311923.1224260001 534699.4435199993
168 317 315251.235157 543737.5257299999
168 425 316575.4188430001 543748.0279199993
168 465 314968.7851890001 528889.2362099998
168 59 317440.54737399996 525966.7145999996
169 179 315547.9550930001 542036.2235499998
169 235 316555.8221720001 542810.3423099997
170 130 316675.90142 542898.7570999996
170 214 315125.055207 541207.0063300002
170 25 316764.83665000007 544284.0294199996
170 279 315084.546124 540633.1286300002
170 41 318041.30096 537812.5340399998
170 481 315492.10251900007 543089.9368099999
170 85 315630.632862 540494.4839900001
171 138 314516.5792850001 541765.8169999998
171 175 315432.7170510001 538315.247
171 177 325083.691341 547325.87164
171 195 315415.09225700004 539597.75495
171 291 315171.5878750001 541516.8527899999
171 310 317708.1840270001 539183.9789800001
171 351 315055.73162700003 541308.6570499996
171 456 317561.91668300005 543966.2600099999
171 467 316491.25044900004 542438.23819
172 109 315203.875461 537847.8326999997
172 129 316567.56111300003 541095.0709599997
172 300 314948.2278730001 544617.7431300003
172 357 314069.63184499997 541692.1008899999
172 383 311565.87985300005 540140.6979599996
172 385 313345.19998400006 538659.8649399998
172 529 313624.69845200004 543196.1760499999
173 105 317709.967422 539180.6618999997
173 272 314749.80077 541071.5614999998
173 396 315671.32971099997 539049.0165300001
173 497 313534.9739580001 541704.4291400001
173 520 315324.04017399997 542357.7115199994
173 83 314857.1299350001 541811.1669899998
173 88 317793.001011 538602.0214999998
174 262 317200.40005100006 538962.1341499998
174 41 318022.72603 537823.5086400001
174 463 313264.81290600006 538696.00269
174 488 317282.33278000006 543217.7377300002
174 530 316443.96513500006 536393.2017800002
175 101 315939.9714520001 541313.0297099994
175 151 315095.971379 542927.7159699993
175 189 315508.21694800013 541201.60665
175 276 313955.33184600004 541660.3458699994
175 277 317023.86983700003 539428.1198800001
175 389 317799.0545010001 543242.1528599998
175 83 314821.9919540001 541796.5279699997
176 229 315630.3610380001 539545.8319800003
176 263 315487.03787600005 541066.1121800002
176 376 315516.9553550001 541212.7561900001
176 378 313875.2347670001 542092.5820399998
176 484 313115.865459 542580.6892300001
176 53 310513.227284 542349.3530699993
177 203 316515.14836800005 542836.7138300003
177 207 316502.676966 542163.1449199994
177 286 315320.1023890001 540999.6167099997
177 31 316392.3983130001 543171.0190599998
177 415 311370.746181 534803.9067299999
177 457 315458.09271800006 543320.5097499997
177 51 315471.827654 538402.0323199993
177 6 314501.05441700004 544607.2429699996
178 104 316341.759099 542543.8100300003
178 155 317011.8696290001 543376.8891499997
178 161 313666.04292100004 539667.0061699995
178 302 316488.5525590001 542447.0974400002
178 67 317222.6467060001 542913.3403999996
179 194 315331.46323700005 540728.9607699993
179 428 313025.33857400005 540909.20248
179 521 329527.422811 550332.4301399998
179 535 316302.6074140001 543027.3221899997
180 117 308832.90772799996 540570.4344099998
180 118 317739.991149 539169.7606699993
180 132 314472.80203500006 544620.3855499998
180 192 316150.5555690001 544523.1351599996
180 219 314675.62540400005 536911.4857399999
180 311 317692.34144600003 539181.6575199994
180 313 316297.925608 542792.0704199993
180 359 316846.768559 542063.2504400001
180 524 316883.992017 542855.69869
181 329 309976.099256 535643.7607899997
181 428 313025.33857400005 540909.20248
182 11 315844.81521300005 542729.31324
182 147 315961.23491900007 544528.6045699995
182 148 311376.836946 542398.6128499997
182 3 313497.63690200006 542649.5275099995
182 426 311488.625657 539477.8709699996
183 102 317711.4280800001 539227.2718499997
183 114 313509.71329 544316.1193399997
183 145 316252.7321370001 543116.8807399999
183 419 317261.504416 542895.8370099994
183 459 324297.6570260001 558549.0159999998
183 466 316533.1526560001 544304.7500499999
183 50 312585.473766 544432.7073999997
184 196 316454.990005 545248.4762300001
